"CID" "dproj" "vlos" "zlcus"
"1" 1 4.0501 -290.2528 0.0352
"2" 1 3.6905 -243.9476 0.0352
"3" 1 3.1667 -34.3068 0.0352
"4" 1 2.7826 -464.4862 0.0352
"5" 1 2.614 -396.11 0.0352
"6" 1 2.4674 28.952 0.0352
"7" 1 1.8756 592.4027 0.0352
"8" 1 1.7579 -350.1233 0.0352
"9" 1 1.5222 -1202.8044 0.0352
"10" 1 1.618 -1065.2903 0.0352
"11" 1 1.671 -1099.3336 0.0352
"12" 1 1.4732 55.6798 0.0352
"13" 1 1.0359 1077.8883 0.0352
"14" 1 1.4088 -396.2287 0.0352
"15" 1 1.2708 28.3294 0.0352
"16" 1 1.0091 928.8449 0.0352
"17" 1 0.7635 -428.2216 0.0352
"18" 1 0.9662 -144.1171 0.0352
"19" 1 1.0338 1217.2442 0.0352
"20" 1 0.8237 855.0473 0.0352
"21" 1 1.0979 -926.9248 0.0352
"22" 1 0.6326 -791.0036 0.0352
"23" 1 1.0118 494.9152 0.0352
"24" 1 0.638 -1166.2358 0.0352
"25" 1 1.042 -709.7978 0.0352
"26" 1 1.068 -64.8314 0.0352
"27" 1 1.0983 -171.2359 0.0352
"28" 1 1.2301 -1240.3433 0.0352
"29" 1 1.7962 334.5192 0.0352
"30" 1 3.5655 -693.4176 0.0352
"31" 1 4.1211 -428.3172 0.0352
"32" 1 5.9381 -517.8231 0.0352
"33" 1 5.8239 -471.5931 0.0352
"34" 1 5.4854 -194.8128 0.0352
"35" 1 5.1993 -556.6507 0.0352
"36" 1 5.0728 -593.0456 0.0352
"37" 1 4.4058 -595.7766 0.0352
"38" 1 4.363 -589.5616 0.0352
"39" 1 4.483 -360.8242 0.0352
"40" 1 4.0405 -376.2053 0.0352
"41" 1 4.0711 -588.38 0.0352
"42" 1 3.9806 -150.445 0.0352
"43" 1 2.444 104.9101 0.0352
"44" 1 0.9601 -538.1303 0.0352
"45" 1 0.9862 885.1838 0.0352
"46" 1 0.4293 433.9153 0.0352
"47" 1 0.748 44.8254 0.0352
"48" 1 0.7093 46.9105 0.0352
"49" 1 0.5042 243.5884 0.0352
"50" 1 0.4737 64.2435 0.0352
"51" 1 0.6244 -1075.4092 0.0352
"52" 1 0.4607 -85.3732 0.0352
"53" 1 0.2984 -391.789 0.0352
"54" 1 0.3976 609.8254 0.0352
"55" 1 0.4356 718.7206 0.0352
"56" 1 0.1982 -508.854 0.0352
"57" 1 0.2118 -1278.1862 0.0352
"58" 1 0.1642 -16.5771 0.0352
"59" 1 0.0683 524.6231 0.0352
"60" 1 0.1249 -65.4193 0.0352
"61" 1 0.0579 -302.5756 0.0352
"62" 1 0.0299 -881.9054 0.0352
"63" 1 0.1044 -1930.5202 0.0352
"64" 1 0.1323 55.2309 0.0352
"65" 1 0.1174 -46.172 0.0352
"66" 1 0.1475 943.1515 0.0352
"67" 1 0.091 -161.1721 0.0352
"68" 1 0.3682 -1447.5947 0.0352
"69" 1 0.246 -709.3807 0.0352
"70" 1 0.2776 757.832 0.0352
"71" 1 0.4413 -1533.886 0.0352
"72" 1 0.2165 -893.4984 0.0352
"73" 1 0.1772 842.7534 0.0352
"74" 1 0.2287 -399.4028 0.0352
"75" 1 0.4261 -473.7362 0.0352
"76" 1 0.3767 298.9121 0.0352
"77" 1 0.5598 -256.7742 0.0352
"78" 1 0.1571 171.4068 0.0352
"79" 1 0.1577 -1343.3681 0.0352
"80" 1 0.5008 1170.4351 0.0352
"81" 1 0.2752 726.1113 0.0352
"82" 1 0.3755 -1598.3583 0.0352
"83" 1 0.4478 -1471.5858 0.0352
"84" 1 0.7078 139.6079 0.0352
"85" 1 0.8071 -729.3289 0.0352
"86" 1 0.7088 563.6968 0.0352
"87" 1 0.9229 -1597.7009 0.0352
"88" 1 1.3374 -604.8761 0.0352
"89" 1 2.0324 336.6507 0.0352
"90" 1 2.167 -186.197 0.0352
"91" 1 2.4269 62.4045 0.0352
"92" 1 2.6241 -363.7116 0.0352
"93" 1 3.0581 -1024.2733 0.0352
"94" 1 3.1803 -61.5183 0.0352
"95" 1 1.6765 -408.1113 0.0352
"96" 1 1.8315 460.4259 0.0352
"97" 1 1.7603 478.0629 0.0352
"98" 1 1.5124 225.879 0.0352
"99" 1 1.1527 855.8176 0.0352
"100" 1 1.0841 842.1018 0.0352
"101" 1 1.1219 581.4005 0.0352
"102" 1 1.2569 -641.3665 0.0352
"103" 1 1.3722 162.0699 0.0352
"104" 1 1.9955 -865.2038 0.0352
"105" 1 1.7751 -398.4297 0.0352
"106" 1 2.0047 -581.3107 0.0352
"107" 1 2.2645 165.2208 0.0352
"108" 1 2.334 -57.209 0.0352
"109" 1 2.6888 -194.0367 0.0352
"110" 1 3.4208 -237.3764 0.0352
"111" 1 4.0797 -659.8579 0.0352
"112" 1 4.5776 -584.0678 0.0352
"113" 1 3.6312 -370.0019 0.0352
"114" 1 4.9834 -469.9018 0.0352
"115" 1 5.0564 -591.7684 0.0352
"116" 1 4.0864 316.2885 0.0352
"117" 1 3.5811 -416.7474 0.0352
"118" 1 3.0791 -156.4486 0.0352
"119" 1 5.5245 -507.238 0.0352
"120" 1 5.0724 -526.1609 0.0352
"121" 1 5.016 -623.0894 0.0352
"122" 1 5.0263 -270.8868 0.0352
"123" 1 4.9116 -128.4957 0.0352
"124" 1 4.8696 -355.8691 0.0352
"125" 1 4.8079 -200.2459 0.0352
"126" 1 3.2316 -107.198 0.0352
"127" 1 3.3206 215.6472 0.0352
"128" 1 3.0442 -501.9932 0.0352
"129" 1 1.5412 159.2143 0.0352
"130" 1 1.4973 -282.1351 0.0352
"131" 1 1.3326 -696.2818 0.0352
"132" 1 5.8131 -358.2438 0.0352
"133" 1 5.0395 -490.3597 0.0352
"134" 1 4.9572 -513.8178 0.0352
"135" 1 4.5078 -39.4184 0.0352
"136" 1 4.4291 -156.576 0.0352
"137" 1 4.4001 -543.4591 0.0352
"138" 1 3.0569 -227.605 0.0352
"139" 1 3.111 -57.3885 0.0352
"140" 1 2.7202 -533.4561 0.0352
"141" 1 2.5033 -464.1039 0.0352
"142" 1 2.4137 -84.4957 0.0352
"143" 1 1.816 336.1005 0.0352
"144" 1 1.458 -1226.8592 0.0352
"145" 1 1.0278 1499.7211 0.0352
"146" 1 0.8838 1124.2485 0.0352
"147" 1 0.648 1017.9744 0.0352
"148" 1 0.4435 -1109.2788 0.0352
"149" 1 0.579 -919.4298 0.0352
"150" 1 0.5291 227.6079 0.0352
"151" 1 0.5983 -260.571 0.0352
"152" 1 0.3305 -488.4396 0.0352
"153" 1 0.3261 417.4192 0.0352
"154" 1 0.3319 -458.3349 0.0352
"155" 1 0.2563 371.8583 0.0352
"156" 1 0.3467 -248.4336 0.0352
"157" 1 0.2191 203.3012 0.0352
"158" 1 0.1043 -224.5149 0.0352
"159" 1 0.2076 -46.2966 0.0352
"160" 1 0.118 -613.1414 0.0352
"161" 1 0.2143 983.6878 0.0352
"162" 1 0.152 -456.9825 0.0352
"163" 1 0.5072 -972.6074 0.0352
"164" 1 0.0875 -1049.0637 0.0352
"165" 1 0.3294 1132.8441 0.0352
"166" 1 0.5117 -1351.9462 0.0352
"167" 1 0.4995 -799.8742 0.0352
"168" 1 0.4585 -826.9496 0.0352
"169" 1 1.1916 429.325 0.0352
"170" 1 1.3375 -379.2143 0.0352
"171" 1 1.3318 -248.3206 0.0352
"172" 1 5.6917 -336.532 0.0352
"173" 1 5.1558 -420.938 0.0352
"174" 1 4.9166 -282.5145 0.0352
"175" 1 4.5221 -561.2381 0.0352
"176" 1 4.4768 -527.3483 0.0352
"177" 1 1.9036 199.0961 0.0352
"178" 1 1.7978 -852.965 0.0352
"179" 1 1.0066 -376.4399 0.0352
"180" 1 0.5707 862.4062 0.0352
"181" 1 0.6307 -332.5383 0.0352
"182" 1 0.5155 -552.8539 0.0352
"183" 1 0.5937 522.0398 0.0352
"184" 1 0.9303 -565.0985 0.0352
"185" 1 0.8398 226.2207 0.0352
"186" 1 0.8122 914.7526 0.0352
"187" 1 1.087 -14.0575 0.0352
"188" 1 0.7115 1293.0952 0.0352
"189" 1 0.7997 444.9724 0.0352
"190" 1 1.0092 396.2026 0.0352
"191" 1 0.9921 -364.1663 0.0352
"192" 1 1.2914 -714.7732 0.0352
"193" 1 1.6517 -330.6501 0.0352
"194" 1 1.6857 -423.5126 0.0352
"195" 1 1.9344 -662.7511 0.0352
"196" 1 2.0981 -270.658 0.0352
"197" 1 2.5843 -463.0208 0.0352
"198" 1 2.2655 -230.1478 0.0352
"199" 1 2.5814 -19.8497 0.0352
"200" 1 4.1685 -829.8804 0.0352
"201" 1 5.7244 -764.8405 0.0352
"202" 1 3.2041 -466.8783 0.0352
"203" 1 2.2832 -562.9815 0.0352
"204" 1 2.1033 -655.3603 0.0352
"205" 1 2.2375 -597.3115 0.0352
"206" 1 2.0317 -131.1167 0.0352
"207" 1 1.9938 154.737 0.0352
"208" 1 2.0886 -513.5282 0.0352
"209" 1 1.9022 -537.2615 0.0352
"210" 1 2.1423 -468.7028 0.0352
"211" 1 2.1183 -301.7618 0.0352
"212" 1 1.9988 82.37 0.0352
"213" 1 2.2356 -411.9978 0.0352
"214" 1 1.8944 -902.8411 0.0352
"215" 1 4.2213 -547.9799 0.0352
"216" 1 4.5921 337.5891 0.0352
"217" 1 4.2441 -730.2962 0.0352
"218" 1 3.3067 -143.8565 0.0352
"219" 1 5.7964 48.5208 0.0352
"220" 1 5.9436 699.3053 0.0352
"221" 1 5.6645 -413.6746 0.0352
"222" 1 5.6402 494.0492 0.0352
"223" 1 5.8778 -398.0677 0.0352
"224" 1 5.7441 250.6433 0.0352
"225" 1 5.8725 -497.0322 0.0352
"226" 1 5.8681 -819.1794 0.0352
"227" 1 5.742 -41.4746 0.0352
"228" 1 5.6504 -141.0849 0.0352
"229" 1 5.7913 -177.1063 0.0352
"230" 1 5.8523 -194.5927 0.0352
"231" 1 5.391 -876.2783 0.0352
"232" 1 5.697 449.3687 0.0352
"233" 1 5.579 -843.741 0.0352
"234" 1 5.7054 -739.1118 0.0352
"235" 1 5.4722 -573.0714 0.0352
"236" 1 5.5355 739.19 0.0352
"237" 1 5.4627 381.9076 0.0352
"238" 1 5.2688 878.7226 0.0352
"239" 1 5.2546 706.8669 0.0352
"240" 1 5.1042 364.8266 0.0352
"241" 1 5.2802 842.3567 0.0352
"242" 1 5.3724 -393.1704 0.0352
"243" 1 5.0939 -629.6722 0.0352
"244" 1 4.9059 -920.4579 0.0352
"245" 1 4.6613 -630.1964 0.0352
"246" 1 4.6116 -256.1748 0.0352
"247" 1 4.2613 -305.0459 0.0352
"248" 1 5.4307 -550.4618 0.0352
"249" 1 5.3399 -766.5839 0.0352
"250" 1 5.2722 84.8925 0.0352
"251" 1 5.049 91.9473 0.0352
"252" 1 4.9382 -880.2344 0.0352
"253" 1 4.7734 -912.7949 0.0352
"254" 1 4.7297 432.5165 0.0352
"255" 1 4.6627 -457.5414 0.0352
"256" 1 4.7386 463.988 0.0352
"257" 1 4.5987 309.8592 0.0352
"258" 1 4.0113 163.7206 0.0352
"259" 1 3.9953 -199.0614 0.0352
"260" 1 3.6462 -204.9983 0.0352
"261" 1 3.8638 -181.4098 0.0352
"262" 1 3.6147 -183.9844 0.0352
"263" 1 3.7857 -232.8585 0.0352
"264" 1 2.5183 -438.1812 0.0352
"265" 1 2.0493 -239.2965 0.0352
"266" 1 3.0694 -215.4763 0.0352
"267" 1 3.0702 -379.1419 0.0352
"268" 1 5.8744 -523.6297 0.0352
"269" 1 5.8928 -220.5792 0.0352
"270" 1 5.9504 444.5931 0.0352
"271" 1 5.9908 -179.4057 0.0352
"272" 1 5.9975 213.3216 0.0352
"273" 1 5.7329 297.4061 0.0352
"274" 1 5.743 -576.8189 0.0352
"275" 1 5.9125 -125.2319 0.0352
"276" 1 5.8325 -92.8741 0.0352
"277" 1 5.5962 -731.1505 0.0352
"278" 1 5.1675 -290.6293 0.0352
"279" 1 5.3953 -514.1277 0.0352
"280" 1 5.3893 -618.7656 0.0352
"281" 1 5.2014 -463.7042 0.0352
"282" 1 5.4328 126.8971 0.0352
"283" 1 5.8755 150.1323 0.0352
"284" 1 5.7193 -266.618 0.0352
"285" 1 5.6163 -169.6692 0.0352
"286" 1 5.6021 -49.8182 0.0352
"287" 1 5.3071 -492.3116 0.0352
"288" 1 5.0886 343.358 0.0352
"289" 1 5.4089 48.1616 0.0352
"290" 1 5.2274 -88.2838 0.0352
"291" 1 5.19 -66.514 0.0352
"292" 1 5.0288 39.6935 0.0352
"293" 1 4.9522 -404.7431 0.0352
"294" 1 4.8331 86.6012 0.0352
"295" 1 4.8035 -473.9853 0.0352
"296" 1 4.5213 -866.6228 0.0352
"297" 1 4.3196 -429.6899 0.0352
"298" 1 3.8866 -351.8204 0.0352
"299" 1 4.0484 -74.6317 0.0352
"300" 1 3.977 -405.2239 0.0352
"301" 1 3.9112 -119.1964 0.0352
"302" 1 4.0843 -161.6731 0.0352
"303" 1 4.1879 -113.4333 0.0352
"304" 1 5.5085 -73.1895 0.0352
"305" 1 4.5128 -410.208 0.0352
"306" 1 3.9631 -778.2435 0.0352
"307" 1 3.7894 516.9282 0.0352
"308" 1 3.708 -246.1109 0.0352
"309" 1 3.4784 -129.1415 0.0352
"310" 1 3.2516 -684.9669 0.0352
"311" 1 4.7653 -182.0817 0.0352
"312" 1 5.5585 -456.354 0.0352
"313" 1 5.75 -160.0339 0.0352
"314" 1 5.7052 -662.2791 0.0352
"315" 1 5.7835 -599.8774 0.0352
"316" 1 5.2386 -507.3364 0.0352
"317" 1 4.8888 -640.127 0.0352
"318" 1 4.8297 -322.6193 0.0352
"319" 1 4.7096 -175.4758 0.0352
"320" 1 4.6384 -383.263 0.0352
"321" 1 4.2329 -338.1886 0.0352
"322" 1 3.774 -541.8981 0.0352
"323" 1 3.8406 638.5747 0.0352
"324" 1 3.4752 -871.9748 0.0352
"325" 1 3.4741 -933.9825 0.0352
"326" 1 3.5208 127.7399 0.0352
"327" 1 3.5164 -99.3352 0.0352
"328" 1 2.8668 -402.3249 0.0352
"329" 1 2.9278 -865.9162 0.0352
"330" 1 2.4381 -500.5799 0.0352
"331" 1 2.537 316.3898 0.0352
"332" 1 2.1671 -328.2666 0.0352
"333" 1 2.1322 -388.7829 0.0352
"334" 1 2.1611 -536.9198 0.0352
"335" 1 1.8263 -146.0141 0.0352
"336" 1 1.4309 -250.5593 0.0352
"337" 1 1.5333 -164.5808 0.0352
"338" 1 2.0828 -231.2193 0.0352
"339" 1 2.3296 -364.6963 0.0352
"340" 1 2.6738 -430.2807 0.0352
"341" 1 2.6501 -273.7973 0.0352
"342" 1 5.0449 -40.8143 0.0352
"343" 1 5.9698 -467.3446 0.0352
"344" 1 5.584 -552.3008 0.0352
"345" 1 5.7871 -526.604 0.0352
"346" 1 5.9939 -357.2071 0.0352
"347" 1 5.8185 -691.6857 0.0352
"348" 1 4.3846 -661.5608 0.0352
"349" 1 2.4827 -326.7288 0.0352
"350" 1 2.962 -819.498 0.0352
"351" 1 3.5934 61.8803 0.0352
"352" 1 4.1825 -645.3457 0.0352
"353" 1 4.2036 -753.6269 0.0352
"354" 2 5.9019 110.7278 0.0386
"355" 2 1.4615 -403.1691 0.0386
"356" 2 3.1052 -869.8826 0.0386
"357" 2 2.8379 -639.8887 0.0386
"358" 2 2.5832 18.0726 0.0386
"359" 2 2.4272 -60.0285 0.0386
"360" 2 2.6078 -152.0977 0.0386
"361" 2 2.2286 89.1913 0.0386
"362" 2 2.5419 -198.369 0.0386
"363" 2 2.3713 -513.8247 0.0386
"364" 2 2.0062 -484.8554 0.0386
"365" 2 2.0549 -433.423 0.0386
"366" 2 2.1522 -3.129 0.0386
"367" 2 2.2153 -678.805 0.0386
"368" 2 1.96 -585.3417 0.0386
"369" 2 1.8939 -448.1241 0.0386
"370" 2 4.3772 0.661 0.0386
"371" 2 2.1435 1283.3422 0.0386
"372" 2 1.9782 202.7045 0.0386
"373" 2 2.1219 417.4286 0.0386
"374" 2 2.154 460.6229 0.0386
"375" 2 2.1713 365.1505 0.0386
"376" 2 1.8575 415.6448 0.0386
"377" 2 2.8664 -25.8836 0.0386
"378" 2 2.7416 142.7626 0.0386
"379" 2 3.0792 -935.4417 0.0386
"380" 2 3.3468 -792.7195 0.0386
"381" 2 3.4661 756.0114 0.0386
"382" 2 0.9197 -1501.3252 0.0386
"383" 2 0.7784 -981.5485 0.0386
"384" 2 0.7518 -402.0145 0.0386
"385" 2 0.9272 635.0855 0.0386
"386" 2 0.6705 -1279.9448 0.0386
"387" 2 0.672 -1328.049 0.0386
"388" 2 0.8926 -917.8916 0.0386
"389" 2 0.6939 -461.8698 0.0386
"390" 2 0.6306 13.9709 0.0386
"391" 2 0.6568 -899.3628 0.0386
"392" 2 0.6146 -1317.1321 0.0386
"393" 2 0.5443 110.2717 0.0386
"394" 2 0.5724 560.962 0.0386
"395" 2 0.743 -1286.2981 0.0386
"396" 2 0.3493 -449.12 0.0386
"397" 2 0.2074 99.274 0.0386
"398" 2 0.6957 -535.7509 0.0386
"399" 2 0.6165 -381.6124 0.0386
"400" 2 0.4459 539.6448 0.0386
"401" 2 0.7393 -752.2647 0.0386
"402" 2 1.1963 234.6845 0.0386
"403" 2 1.4792 -1144.1849 0.0386
"404" 2 2.5797 229.2059 0.0386
"405" 2 2.6277 -1119.6031 0.0386
"406" 2 3.4843 -1364.5003 0.0386
"407" 2 3.8785 1431.8606 0.0386
"408" 2 3.8429 -1417.4366 0.0386
"409" 2 3.8729 -1380.8785 0.0386
"410" 2 4.1752 -867.8187 0.0386
"411" 2 4.9043 -1265.4947 0.0386
"412" 2 1.7262 -259.7801 0.0386
"413" 2 1.4635 -241.9875 0.0386
"414" 2 1.4886 -421.9692 0.0386
"415" 2 1.5577 -383.6503 0.0386
"416" 2 1.5358 -106.932 0.0386
"417" 2 1.4777 -251.9432 0.0386
"418" 2 1.4439 -928.159 0.0386
"419" 2 1.1591 423.0978 0.0386
"420" 2 1.226 -513.0684 0.0386
"421" 2 1.2637 -725.365 0.0386
"422" 2 1.2901 -141.3857 0.0386
"423" 2 1.1983 -263.2786 0.0386
"424" 2 0.9975 220.3846 0.0386
"425" 2 1.2888 -587.6567 0.0386
"426" 2 1.0309 435.966 0.0386
"427" 2 1.1445 -299.4557 0.0386
"428" 2 1.007 522.5276 0.0386
"429" 2 1.1026 -642.4923 0.0386
"430" 2 0.7572 -9.3062 0.0386
"431" 2 0.6722 -1132.1827 0.0386
"432" 2 0.4981 -674.0971 0.0386
"433" 2 0.9423 -36.1655 0.0386
"434" 2 0.5716 -495.9743 0.0386
"435" 2 0.4606 321.3818 0.0386
"436" 2 1.0097 -706.386 0.0386
"437" 2 0.5692 -48.9702 0.0386
"438" 2 0.866 118.2703 0.0386
"439" 2 0.6837 4.1047 0.0386
"440" 2 0.6171 -55.4707 0.0386
"441" 2 2.2799 -1370.8882 0.0386
"442" 2 2.8804 -128.607 0.0386
"443" 2 5.0791 1290.9656 0.0386
"444" 2 5.4485 756.1211 0.0386
"445" 2 5.9898 -987.8296 0.0386
"446" 2 0.9082 -1169.6731 0.0386
"447" 2 0.9376 401.4141 0.0386
"448" 2 0.9241 691.5636 0.0386
"449" 2 0.6526 -1302.7542 0.0386
"450" 2 0.642 -1482.8485 0.0386
"451" 2 0.6427 -1282.6957 0.0386
"452" 2 0.5984 -1295.4253 0.0386
"453" 2 1.0812 244.8885 0.0386
"454" 2 1.0575 348.5846 0.0386
"455" 2 0.9816 -925.0762 0.0386
"456" 2 0.964 -368.9578 0.0386
"457" 2 0.8777 -158.2922 0.0386
"458" 2 0.8675 -708.3344 0.0386
"459" 2 0.794 -68.743 0.0386
"460" 2 0.7783 -1420.7099 0.0386
"461" 2 0.7867 -1257.5827 0.0386
"462" 2 0.7629 -1467.4488 0.0386
"463" 2 0.7603 -1262.6082 0.0386
"464" 2 0.7595 -511.9571 0.0386
"465" 2 0.8174 252.8293 0.0386
"466" 2 0.6792 -373.2674 0.0386
"467" 2 0.5962 -180.3367 0.0386
"468" 2 0.4908 -1074.9397 0.0386
"469" 2 0.3535 -49.4811 0.0386
"470" 2 0.2803 -1283.9484 0.0386
"471" 2 0.3824 -79.3655 0.0386
"472" 2 0.1983 -978.3127 0.0386
"473" 2 0.2807 297.158 0.0386
"474" 2 0.1594 -803.9684 0.0386
"475" 2 0.5622 -797.1388 0.0386
"476" 2 0.2321 127.7122 0.0386
"477" 2 0.2824 -520.7928 0.0386
"478" 2 0.2406 -190.8611 0.0386
"479" 2 0.1866 1102.4138 0.0386
"480" 2 0.255 53.5194 0.0386
"481" 2 0.3076 167.3992 0.0386
"482" 2 0.0759 508.1758 0.0386
"483" 2 0.1213 -755.0098 0.0386
"484" 2 0.0673 57.3181 0.0386
"485" 2 0.0917 288.8678 0.0386
"486" 2 0.086 69.0461 0.0386
"487" 2 0.3535 926.2366 0.0386
"488" 2 0.202 -52.0357 0.0386
"489" 2 0.2946 -167.8697 0.0386
"490" 2 0.2652 -320.1695 0.0386
"491" 2 0.5544 -710.8601 0.0386
"492" 2 0.5179 251.0108 0.0386
"493" 2 0.6439 -36.1857 0.0386
"494" 2 0.9274 340.9901 0.0386
"495" 2 1.7862 -1133.8222 0.0386
"496" 2 4.4321 -1078.2476 0.0386
"497" 2 5.4536 -1207.5821 0.0386
"498" 2 2.3479 701.1613 0.0386
"499" 2 2.6756 109.5183 0.0386
"500" 2 3.1111 1382.951 0.0386
"501" 2 1.0784 -921.7509 0.0386
"502" 2 1.1909 -645.3385 0.0386
"503" 2 1.0634 -1026.4082 0.0386
"504" 2 1.5013 -1436.6061 0.0386
"505" 2 1.0033 -629.5404 0.0386
"506" 2 1.0731 -1239.5332 0.0386
"507" 2 1.0768 127.5736 0.0386
"508" 2 1.1276 -1403.408 0.0386
"509" 2 1.1599 346.1137 0.0386
"510" 2 1.4348 345.3748 0.0386
"511" 2 1.522 -734.8761 0.0386
"512" 2 1.761 -717.2422 0.0386
"513" 2 2.5208 301.9814 0.0386
"514" 2 3.8555 1152.9254 0.0386
"515" 2 4.5426 -1281.8153 0.0386
"516" 2 4.5682 -1407.4607 0.0386
"517" 2 1.9264 11.806 0.0386
"518" 2 2.076 -570.1469 0.0386
"519" 2 1.9613 117.5718 0.0386
"520" 2 1.9025 -521.0584 0.0386
"521" 2 1.9757 -408.7459 0.0386
"522" 2 1.7453 -165.2488 0.0386
"523" 2 2.0694 75.2926 0.0386
"524" 2 1.7966 114.0213 0.0386
"525" 2 1.5499 -805.8793 0.0386
"526" 2 1.8158 -575.8825 0.0386
"527" 2 2.0164 457.7623 0.0386
"528" 2 1.5871 -486.2958 0.0386
"529" 2 1.5945 -161.8629 0.0386
"530" 2 1.5854 -568.7643 0.0386
"531" 2 1.3985 235.2821 0.0386
"532" 2 1.3632 258.0886 0.0386
"533" 2 1.3974 -67.2795 0.0386
"534" 2 1.604 -650.5112 0.0386
"535" 2 1.7663 290.2245 0.0386
"536" 2 1.6326 270.5527 0.0386
"537" 2 1.6323 68.2783 0.0386
"538" 2 1.6402 -85.4619 0.0386
"539" 2 1.4076 209.4764 0.0386
"540" 2 1.5804 24.5472 0.0386
"541" 2 1.3725 -963.88 0.0386
"542" 2 1.5311 -720.5416 0.0386
"543" 2 1.5246 -344.4886 0.0386
"544" 2 1.5355 -777.4093 0.0386
"545" 2 1.2711 -440.8356 0.0386
"546" 2 1.6935 -963.4874 0.0386
"547" 2 1.2196 -662.3922 0.0386
"548" 2 1.8146 -462.1903 0.0386
"549" 2 1.7469 -432.3607 0.0386
"550" 2 2.2657 -390.3125 0.0386
"551" 2 2.8259 -620.7827 0.0386
"552" 2 3.3266 -251.6314 0.0386
"553" 2 3.1699 -373.2876 0.0386
"554" 2 3.4233 -82.5349 0.0386
"555" 2 2.7909 7.8629 0.0386
"556" 2 2.9525 -412.0424 0.0386
"557" 2 2.7634 -450.927 0.0386
"558" 2 2.9803 21.0198 0.0386
"559" 2 2.7356 56.761 0.0386
"560" 2 2.7889 -148.3481 0.0386
"561" 2 2.8116 365.6527 0.0386
"562" 2 2.8969 -34.93 0.0386
"563" 2 2.6524 -175.955 0.0386
"564" 2 2.6002 166.2389 0.0386
"565" 2 2.3931 -391.8568 0.0386
"566" 2 2.3736 -411.849 0.0386
"567" 2 2.5246 4.8003 0.0386
"568" 2 2.7704 -955.0038 0.0386
"569" 2 3.0384 -562.8209 0.0386
"570" 2 2.7254 -627.2601 0.0386
"571" 2 4.5837 -421.4987 0.0386
"572" 2 4.8648 -173.614 0.0386
"573" 2 5.0419 -428.1954 0.0386
"574" 2 4.7071 61.3535 0.0386
"575" 2 4.1943 342.7884 0.0386
"576" 2 3.7267 -793.4816 0.0386
"577" 2 3.5929 -652.2806 0.0386
"578" 2 3.7573 -686.3072 0.0386
"579" 2 4.0481 -679.3448 0.0386
"580" 2 3.7336 -770.6202 0.0386
"581" 2 3.8242 -880.1009 0.0386
"582" 2 3.9542 -714.9186 0.0386
"583" 2 4.2946 -703.0578 0.0386
"584" 2 5.0272 -720.5531 0.0386
"585" 2 4.9344 -990.7912 0.0386
"586" 2 4.9159 -662.1526 0.0386
"587" 2 5.8831 -984.8593 0.0386
"588" 2 5.8852 59.2059 0.0386
"589" 2 5.9265 152.574 0.0386
"590" 2 5.8563 266.3095 0.0386
"591" 2 5.6584 313.3399 0.0386
"592" 2 4.7505 177.404 0.0386
"593" 2 5.3192 231.6566 0.0386
"594" 2 4.9603 -570.3374 0.0386
"595" 2 5.2044 -779.7994 0.0386
"596" 2 5.6276 -779.7936 0.0386
"597" 2 5.5347 -718.3131 0.0386
"598" 2 1.0723 -943.6799 0.0386
"599" 2 2.3223 -542.4881 0.0386
"600" 2 1.9693 -705.3237 0.0386
"601" 2 2.1361 -779.1412 0.0386
"602" 2 2.1121 -682.7019 0.0386
"603" 2 2.0116 -562.3186 0.0386
"604" 2 2.2021 -609.3087 0.0386
"605" 2 2.4952 -441.7997 0.0386
"606" 2 2.5298 -713.8275 0.0386
"607" 2 3.0686 -533.1299 0.0386
"608" 2 3.0628 -599.6791 0.0386
"609" 2 3.7016 -727.4317 0.0386
"610" 2 4.4733 -433.3306 0.0386
"611" 2 3.363 61.6104 0.0386
"612" 2 3.3706 -137.5813 0.0386
"613" 2 3.3498 30.2134 0.0386
"614" 2 3.1213 -595.5774 0.0386
"615" 2 3.7806 -675.2402 0.0386
"616" 2 3.8751 -751.468 0.0386
"617" 2 4.4189 -687.0201 0.0386
"618" 2 4.6968 -704.1835 0.0386
"619" 2 4.6965 8.1805 0.0386
"620" 2 4.7382 -664.7793 0.0386
"621" 2 5.1701 -752.2675 0.0386
"622" 2 5.0898 -780.3305 0.0386
"623" 2 5.4738 -879.5641 0.0386
"624" 2 5.2786 -447.0792 0.0386
"625" 2 5.9888 16.0838 0.0386
"626" 3 4.1787 256.4043 0.0545
"627" 3 4.4011 162.5058 0.0545
"628" 3 1.7692 -7.0023 0.0545
"629" 3 1.8789 -344.8898 0.0545
"630" 3 2.1355 -423.4475 0.0545
"631" 3 2.0089 -479.5825 0.0545
"632" 3 2.0376 -301.4914 0.0545
"633" 3 2.1902 -566.0182 0.0545
"634" 3 3.1634 -234.6525 0.0545
"635" 3 4.0674 -342.3084 0.0545
"636" 3 5.5128 46.9919 0.0545
"637" 3 1.9623 -728.4813 0.0545
"638" 3 1.483 70.0259 0.0545
"639" 3 1.1214 163.3615 0.0545
"640" 3 0.8641 -197.0624 0.0545
"641" 3 0.8091 274.6535 0.0545
"642" 3 0.7538 -600.6914 0.0545
"643" 3 0.7585 -226.8968 0.0545
"644" 3 0.5153 -239.389 0.0545
"645" 3 0.5598 69.8582 0.0545
"646" 3 0.6008 -5.4045 0.0545
"647" 3 0.6512 -1024.7814 0.0545
"648" 3 0.72 -233.1003 0.0545
"649" 3 0.5441 -619.731 0.0545
"650" 3 0.4646 -162.0139 0.0545
"651" 3 0.5342 29.3994 0.0545
"652" 3 0.375 44.0494 0.0545
"653" 3 0.3576 25.7803 0.0545
"654" 3 0.4597 -924.9581 0.0545
"655" 3 0.3703 330.6748 0.0545
"656" 3 0.2876 -102.3479 0.0545
"657" 3 0.3402 -449.822 0.0545
"658" 3 0.4568 -1562.3583 0.0545
"659" 3 0.2289 -250.3999 0.0545
"660" 3 0.2075 978.6765 0.0545
"661" 3 0.0809 -671.2489 0.0545
"662" 3 0.1354 104.1134 0.0545
"663" 3 0.4393 -268.1345 0.0545
"664" 3 0.1226 -1040.0881 0.0545
"665" 3 0.0502 135.901 0.0545
"666" 3 0.3376 -661.0369 0.0545
"667" 3 0.5122 -207.4905 0.0545
"668" 3 0.2211 319.0981 0.0545
"669" 3 0.3044 -763.6066 0.0545
"670" 3 0.3507 -23.4661 0.0545
"671" 3 0.5345 362.6557 0.0545
"672" 3 0.4655 -837.9936 0.0545
"673" 3 0.5293 -288.3283 0.0545
"674" 3 0.5647 -178.9895 0.0545
"675" 3 0.6002 414.0514 0.0545
"676" 3 0.5459 305.3352 0.0545
"677" 3 0.5941 -917.5464 0.0545
"678" 3 0.6732 -291.45 0.0545
"679" 3 0.7249 606.2182 0.0545
"680" 3 0.8145 163.2535 0.0545
"681" 3 0.8171 -57.0504 0.0545
"682" 3 0.8814 -1396.802 0.0545
"683" 3 0.8906 -355.0251 0.0545
"684" 3 1.228 -584.1679 0.0545
"685" 3 1.6258 -800.3694 0.0545
"686" 3 3.2892 -653.9095 0.0545
"687" 3 4.1073 -727.8502 0.0545
"688" 3 5.4721 -144.2509 0.0545
"689" 3 5.8119 -173.8067 0.0545
"690" 3 5.2429 -396.9366 0.0545
"691" 3 4.6867 -351.9177 0.0545
"692" 3 4.221 -626.9095 0.0545
"693" 3 4.13 -683.7752 0.0545
"694" 3 3.6779 -556.9064 0.0545
"695" 3 3.7569 -119.3093 0.0545
"696" 3 3.6182 -425.213 0.0545
"697" 3 3.654 -100.1219 0.0545
"698" 3 3.2315 -530.8617 0.0545
"699" 3 3.6141 -265.2745 0.0545
"700" 3 2.6005 64.8801 0.0545
"701" 3 2.5372 -928.2645 0.0545
"702" 3 1.8516 -269.7067 0.0545
"703" 3 2.1386 -165.4199 0.0545
"704" 3 1.8006 -1264.9352 0.0545
"705" 3 1.816 -327.9825 0.0545
"706" 3 1.6697 -388.5952 0.0545
"707" 3 1.734 -1042.7691 0.0545
"708" 3 2.1289 -392.4588 0.0545
"709" 3 1.5591 -1379.5109 0.0545
"710" 3 1.6056 245.5611 0.0545
"711" 3 2.0124 -268.1885 0.0545
"712" 3 2.2914 -1311.9385 0.0545
"713" 3 2.3048 -950.6048 0.0545
"714" 3 2.5953 -1272.8103 0.0545
"715" 3 3.1981 -947.9096 0.0545
"716" 3 3.5494 -450.5584 0.0545
"717" 3 3.5024 -1031.9998 0.0545
"718" 3 3.9093 -866.6994 0.0545
"719" 3 4.3164 -617.539 0.0545
"720" 3 5.8208 -148.1828 0.0545
"721" 3 5.5987 -648.6414 0.0545
"722" 3 4.3821 189.8924 0.0545
"723" 3 4.0926 31.0967 0.0545
"724" 3 4.105 -343.5934 0.0545
"725" 3 4.0745 -737.252 0.0545
"726" 3 4.0406 -236.2532 0.0545
"727" 3 3.787 -360.2363 0.0545
"728" 3 3.4862 -98.9591 0.0545
"729" 3 3.34 -26.5735 0.0545
"730" 3 3.7834 -552.0704 0.0545
"731" 3 3.5925 -616.5411 0.0545
"732" 3 3.6471 -387.1908 0.0545
"733" 3 3.5415 -819.2497 0.0545
"734" 3 3.2593 -965.4225 0.0545
"735" 3 4.0613 -323.192 0.0545
"736" 3 3.4418 -504.6237 0.0545
"737" 3 4 -318.3362 0.0545
"738" 3 4.4502 -752.2147 0.0545
"739" 3 5.1557 -405.7072 0.0545
"740" 3 5.6733 -303.7033 0.0545
"741" 3 4.4523 97.9981 0.0545
"742" 3 2.4615 -1.7399 0.0545
"743" 3 2.4336 259.3497 0.0545
"744" 3 2.3491 170.0511 0.0545
"745" 3 2.2461 217.4297 0.0545
"746" 3 2.2331 -143.3013 0.0545
"747" 3 0.6694 1210.8727 0.0545
"748" 3 0.5604 148.2624 0.0545
"749" 3 1.1322 -743.4582 0.0545
"750" 3 0.4459 -105.1255 0.0545
"751" 3 0.5159 -796.4659 0.0545
"752" 3 0.5581 -839.9524 0.0545
"753" 3 1.065 574.8713 0.0545
"754" 3 0.6526 470.8204 0.0545
"755" 3 1.042 -591.554 0.0545
"756" 3 0.6288 584.0656 0.0545
"757" 3 0.6298 -587.5852 0.0545
"758" 3 1.1905 -379.4408 0.0545
"759" 3 0.6724 -74.333 0.0545
"760" 3 0.7802 -55.1371 0.0545
"761" 3 0.691 -186.1908 0.0545
"762" 3 0.9587 -708.4382 0.0545
"763" 3 1.0509 -205.8985 0.0545
"764" 3 0.9327 -1260.0026 0.0545
"765" 3 1.2625 -1083.6031 0.0545
"766" 3 1.6383 -568.9721 0.0545
"767" 3 1.4626 113.4356 0.0545
"768" 3 2.3827 -516.968 0.0545
"769" 3 4.9376 -78.3417 0.0545
"770" 3 4.9017 -230.4989 0.0545
"771" 3 4.6263 -199.4392 0.0545
"772" 3 2.5932 -1001.9579 0.0545
"773" 3 2.3882 -304.3828 0.0545
"774" 3 2.4196 -718.3432 0.0545
"775" 3 2.0443 -1180.319 0.0545
"776" 3 2.0497 -1310.9292 0.0545
"777" 3 1.8188 -519.0775 0.0545
"778" 3 1.4466 -343.9033 0.0545
"779" 3 2.002 -895.4478 0.0545
"780" 3 1.2038 5.9106 0.0545
"781" 3 1.2048 -244.404 0.0545
"782" 3 0.9944 31.4976 0.0545
"783" 3 1.528 37.1011 0.0545
"784" 3 1.2042 299.5553 0.0545
"785" 3 1.3613 211.8176 0.0545
"786" 3 1.2792 -1178.7923 0.0545
"787" 3 1.6257 -1270.0526 0.0545
"788" 3 0.7326 -360.8333 0.0545
"789" 3 0.7484 -224.6025 0.0545
"790" 3 0.7244 -470.8033 0.0545
"791" 3 0.8447 -215.4538 0.0545
"792" 3 0.891 7.2241 0.0545
"793" 3 0.8337 -201.3895 0.0545
"794" 3 0.9716 89.998 0.0545
"795" 3 1.1759 -1564.5531 0.0545
"796" 3 0.688 -909.1624 0.0545
"797" 3 1.2935 -931.261 0.0545
"798" 3 0.705 183.2199 0.0545
"799" 3 0.9728 -1442.7192 0.0545
"800" 3 1.0908 -969.1184 0.0545
"801" 3 1.1938 -1347.9934 0.0545
"802" 3 0.85 -850.9748 0.0545
"803" 3 0.8192 -703.6421 0.0545
"804" 3 1.3636 416.0557 0.0545
"805" 3 0.8984 -1144.5115 0.0545
"806" 3 1.319 -581.3818 0.0545
"807" 3 0.7299 -1232.2094 0.0545
"808" 3 1.2535 -1169.4304 0.0545
"809" 3 1.3219 -846.1644 0.0545
"810" 3 0.87 -106.7631 0.0545
"811" 3 1.3556 -838.3945 0.0545
"812" 3 1.4938 -1169.8483 0.0545
"813" 3 1.2129 -1036.7419 0.0545
"814" 3 1.3172 -1230.9045 0.0545
"815" 3 1.0627 -1298.0192 0.0545
"816" 3 1.5914 -1042.0356 0.0545
"817" 3 1.3604 -1044.2304 0.0545
"818" 3 1.5301 429.9182 0.0545
"819" 3 1.3552 -932.3812 0.0545
"820" 3 1.4627 74.1568 0.0545
"821" 3 1.9512 -639.7002 0.0545
"822" 3 2.1729 -306.8562 0.0545
"823" 3 2.2486 -378.3206 0.0545
"824" 3 2.4505 -976.7746 0.0545
"825" 3 2.8719 -950.1357 0.0545
"826" 3 4.5149 -771.7319 0.0545
"827" 3 5.458 -119.784 0.0545
"828" 3 5.6189 -872.4536 0.0545
"829" 3 5.1873 -997.4887 0.0545
"830" 3 4.7715 112.7789 0.0545
"831" 3 4.9725 -560.1275 0.0545
"832" 3 4.6686 -126.2718 0.0545
"833" 3 4.4561 -285.275 0.0545
"834" 3 4.4322 -491.8188 0.0545
"835" 3 4.4071 372.1371 0.0545
"836" 3 3.8898 -1042.0555 0.0545
"837" 3 4.1453 159.8135 0.0545
"838" 3 2.9904 -1231.6209 0.0545
"839" 3 3.1829 -251.3267 0.0545
"840" 3 3.5156 -511.3246 0.0545
"841" 3 2.8914 -1014.2169 0.0545
"842" 3 2.607 -456.7333 0.0545
"843" 3 2.9438 -619.8845 0.0545
"844" 3 2.4945 -735.2278 0.0545
"845" 3 2.5912 -574.1435 0.0545
"846" 3 2.9449 -1251.7607 0.0545
"847" 3 2.5411 -743.6743 0.0545
"848" 3 2.7864 -292.7009 0.0545
"849" 3 3.1762 -325.9924 0.0545
"850" 3 2.8674 -213.6399 0.0545
"851" 3 3.3504 -816.2646 0.0545
"852" 3 2.8666 -784.4088 0.0545
"853" 3 2.9155 -894.6034 0.0545
"854" 3 3.2038 -746.9779 0.0545
"855" 3 3.4497 -742.5257 0.0545
"856" 3 3.4139 -494.2268 0.0545
"857" 3 3.3499 -748.6979 0.0545
"858" 3 3.4031 -813.6405 0.0545
"859" 3 4.06 -637.1955 0.0545
"860" 3 5.8776 -445.6883 0.0545
"861" 3 4.0383 -896.005 0.0545
"862" 3 4.0677 -684.9351 0.0545
"863" 3 4.3181 -549.9638 0.0545
"864" 3 4.0473 -553.3384 0.0545
"865" 3 4.0023 -492.2253 0.0545
"866" 3 3.9832 -93.5261 0.0545
"867" 3 4.5732 -933.4245 0.0545
"868" 3 4.9856 -456.3495 0.0545
"869" 3 4.3576 -707.5825 0.0545
"870" 3 4.6392 -254.8265 0.0545
"871" 3 5.6788 -441.8588 0.0545
"872" 3 4.8828 -354.9881 0.0545
"873" 3 5.9538 -243.2754 0.0545
"874" 3 3.6923 -314.4185 0.0545
"875" 3 4.558 -731.3016 0.0545
"876" 3 5.3235 170.7846 0.0545
"877" 3 5.2308 -633.7071 0.0545
"878" 3 5.5805 -880.7694 0.0545
"879" 3 4.4668 -249.7403 0.0545
"880" 3 5.0436 386.318 0.0545
"881" 3 5.029 175.5893 0.0545
"882" 3 5.0262 176.5843 0.0545
"883" 3 5.1585 266.224 0.0545
"884" 3 4.1383 182.1935 0.0545
"885" 3 4.2368 -813.6576 0.0545
"886" 3 5.0334 -597.0069 0.0545
"887" 4 5.0413 -588.2276 0.0528
"888" 4 3.931 -528.3988 0.0528
"889" 4 3.4719 -570.3274 0.0528
"890" 4 3.7382 414.3197 0.0528
"891" 4 3.3503 183.7551 0.0528
"892" 4 3.2737 -642.0793 0.0528
"893" 4 4.3915 258.1838 0.0528
"894" 4 4.2292 129.8465 0.0528
"895" 4 4.9198 238.1991 0.0528
"896" 4 2.7609 -153.0519 0.0528
"897" 4 2.8624 -154.6039 0.0528
"898" 4 2.0986 42.7743 0.0528
"899" 4 2.2712 34.5731 0.0528
"900" 4 2.0627 306.3686 0.0528
"901" 4 2.6968 57.4226 0.0528
"902" 4 3.71 255.3561 0.0528
"903" 4 3.958 212.0749 0.0528
"904" 4 2.1875 -309.4669 0.0528
"905" 4 2.103 147.8037 0.0528
"906" 4 1.6075 -493.7345 0.0528
"907" 4 1.3714 -178.8173 0.0528
"908" 4 0.8383 406.725 0.0528
"909" 4 0.4446 -1507.362 0.0528
"910" 4 0.3534 438.1715 0.0528
"911" 4 0.6861 -215.1389 0.0528
"912" 4 0.6648 -186.2098 0.0528
"913" 4 0.2598 -370.392 0.0528
"914" 4 0.2379 344.0372 0.0528
"915" 4 0.2128 409.4075 0.0528
"916" 4 0.0496 -247.7358 0.0528
"917" 4 0.3056 -740.8723 0.0528
"918" 4 0.358 403.2651 0.0528
"919" 4 0.5064 -993.0134 0.0528
"920" 4 0.6743 612.9964 0.0528
"921" 4 0.6798 304.6344 0.0528
"922" 4 0.6126 -632.6024 0.0528
"923" 4 0.7594 328.8507 0.0528
"924" 4 1.4297 120.1503 0.0528
"925" 4 1.434 573.793 0.0528
"926" 4 3.5294 -47.1255 0.0528
"927" 4 4.6439 1.5206 0.0528
"928" 4 4.7003 325.2741 0.0528
"929" 4 4.5223 497.2143 0.0528
"930" 4 4.1334 -566.3493 0.0528
"931" 4 4.6969 155.7885 0.0528
"932" 4 4.691 -264.0556 0.0528
"933" 4 4.745 500.4521 0.0528
"934" 4 4.8306 488.6657 0.0528
"935" 4 5.0125 -62.0358 0.0528
"936" 4 4.8563 360.3 0.0528
"937" 4 4.4995 578.4489 0.0528
"938" 4 5.0461 -164.2317 0.0528
"939" 4 5.2956 102.0878 0.0528
"940" 4 5.9602 186.7907 0.0528
"941" 4 3.6494 272.9117 0.0528
"942" 4 3.558 -586.3055 0.0528
"943" 4 3.496 168.7595 0.0528
"944" 4 2.9261 121.0815 0.0528
"945" 4 3.0938 -455.6702 0.0528
"946" 4 2.816 462.3365 0.0528
"947" 4 2.7256 -614.6594 0.0528
"948" 4 2.3748 146.9637 0.0528
"949" 4 2.7267 499.6263 0.0528
"950" 4 2.8235 171.778 0.0528
"951" 4 1.765 -28.0321 0.0528
"952" 4 3.6578 28.2998 0.0528
"953" 4 5.886 -438.4334 0.0528
"954" 4 2.4832 375.3782 0.0528
"955" 4 2.2799 -19.0535 0.0528
"956" 4 2.2588 381.6003 0.0528
"957" 4 1.8962 -228.9898 0.0528
"958" 4 1.7099 -122.8271 0.0528
"959" 4 1.2435 -432.8122 0.0528
"960" 4 1.0228 -99.0579 0.0528
"961" 4 0.7585 -610.0975 0.0528
"962" 4 0.4925 -202.8684 0.0528
"963" 4 0.6723 -457.5297 0.0528
"964" 4 0.3279 -720.3637 0.0528
"965" 4 0.4129 -1138.5476 0.0528
"966" 4 0.3518 1197.0978 0.0528
"967" 4 0.4318 -156.7424 0.0528
"968" 4 0.3589 -799.3742 0.0528
"969" 4 0.3448 -987.8222 0.0528
"970" 4 0.4619 112.1513 0.0528
"971" 4 0.5232 -225.809 0.0528
"972" 4 0.2822 -205.1038 0.0528
"973" 4 0.1827 -93.8325 0.0528
"974" 4 0.4375 -342.2431 0.0528
"975" 4 0.2368 -265.263 0.0528
"976" 4 0.1987 -173.4153 0.0528
"977" 4 0.4243 -169.2151 0.0528
"978" 4 0.6535 808.76 0.0528
"979" 4 0.6646 -44.7791 0.0528
"980" 4 0.8145 530.5602 0.0528
"981" 4 2.5914 -306.7445 0.0528
"982" 4 5.0679 -35.3705 0.0528
"983" 4 5.2663 -214.8371 0.0528
"984" 4 4.6996 40.4023 0.0528
"985" 4 4.1462 229.5736 0.0528
"986" 4 4.4892 -478.3345 0.0528
"987" 4 5.6174 -402.5219 0.0528
"988" 4 5.1092 -161.4866 0.0528
"989" 4 4.6178 -69.3115 0.0528
"990" 4 4.4108 -80.4941 0.0528
"991" 4 4.8181 -34.7582 0.0528
"992" 4 1.9698 -274.5292 0.0528
"993" 4 1.5379 210.9529 0.0528
"994" 4 0.9343 -601.3609 0.0528
"995" 4 1.0003 -16.8865 0.0528
"996" 4 0.6529 -145.6537 0.0528
"997" 4 0.5362 437.2346 0.0528
"998" 4 0.623 -833.1585 0.0528
"999" 4 0.511 -435.4804 0.0528
"1000" 4 1.1099 -129.8266 0.0528
"1001" 4 0.9069 -117.9946 0.0528
"1002" 4 0.8324 373.0346 0.0528
"1003" 4 0.8922 -146.545 0.0528
"1004" 4 1.0682 163.6992 0.0528
"1005" 4 1.6109 172.1083 0.0528
"1006" 4 1.267 -232.6547 0.0528
"1007" 4 1.4827 511.2703 0.0528
"1008" 4 1.4396 75.3798 0.0528
"1009" 4 2.3872 360.0637 0.0528
"1010" 4 3.3539 5.6326 0.0528
"1011" 4 5.1534 162.3153 0.0528
"1012" 4 5.1684 -67.4178 0.0528
"1013" 4 3.1246 151.3746 0.0528
"1014" 4 2.8186 23.6211 0.0528
"1015" 4 2.0205 -115.2865 0.0528
"1016" 4 1.8108 -322.4378 0.0528
"1017" 4 1.4633 304.4066 0.0528
"1018" 4 1.5431 106.8234 0.0528
"1019" 4 1.5185 691.8873 0.0528
"1020" 4 0.8289 -80.5596 0.0528
"1021" 4 1.8026 -580.4906 0.0528
"1022" 4 2.5966 -190.7603 0.0528
"1023" 4 4.0208 -354.5535 0.0528
"1024" 4 4.2486 -220.6377 0.0528
"1025" 4 4.8277 -213.8831 0.0528
"1026" 4 4.6908 41.3021 0.0528
"1027" 4 4.2337 381.344 0.0528
"1028" 5 5.5648 563.8459 0.1064
"1029" 5 4.855 -496.9012 0.1064
"1030" 5 3.964 -540.1473 0.1064
"1031" 5 3.2486 -525.5964 0.1064
"1032" 5 1.2756 -616.5865 0.1064
"1033" 5 0.796 -453.4113 0.1064
"1034" 5 1.1143 -423.3613 0.1064
"1035" 5 0.6723 -160.2542 0.1064
"1036" 5 0.8698 56.5179 0.1064
"1037" 5 0.5588 -603.4989 0.1064
"1038" 5 0.484 -1207.7782 0.1064
"1039" 5 0.3173 246.9793 0.1064
"1040" 5 0.3646 -1200.2453 0.1064
"1041" 5 0.2543 -464.8731 0.1064
"1042" 5 0.7295 -626.3954 0.1064
"1043" 5 0.4681 -45.1753 0.1064
"1044" 5 0.1689 -606.6692 0.1064
"1045" 5 0.0701 -716.1391 0.1064
"1046" 5 0.2475 -515.6791 0.1064
"1047" 5 0.2119 -794.6377 0.1064
"1048" 5 0.1185 51.6405 0.1064
"1049" 5 0.709 -296.6851 0.1064
"1050" 5 0.2933 -232.8999 0.1064
"1051" 5 0.2307 -254.2249 0.1064
"1052" 5 0.3798 -131.9925 0.1064
"1053" 5 0.6729 25.7634 0.1064
"1054" 5 0.733 -1092.1303 0.1064
"1055" 5 0.7514 69.3616 0.1064
"1056" 5 0.6944 -1.3873 0.1064
"1057" 5 1.1361 -69.7518 0.1064
"1058" 5 1.0177 18.6912 0.1064
"1059" 5 2.2272 252.6966 0.1064
"1060" 5 2.668 -804.7447 0.1064
"1061" 5 2.5173 100.0078 0.1064
"1062" 5 2.597 204.1668 0.1064
"1063" 5 2.6669 273.5609 0.1064
"1064" 5 3.2755 -203.2292 0.1064
"1065" 5 2.9607 -564.2631 0.1064
"1066" 5 3.7775 683.5853 0.1064
"1067" 5 3.155 -629.1593 0.1064
"1068" 5 3.0073 -256.6365 0.1064
"1069" 5 2.5533 -949.142 0.1064
"1070" 5 3.4399 -368.518 0.1064
"1071" 5 2.8756 307.9193 0.1064
"1072" 5 2.8694 591.403 0.1064
"1073" 5 2.7881 -737.2202 0.1064
"1074" 5 3.7793 424.624 0.1064
"1075" 5 2.8192 -216.2898 0.1064
"1076" 5 3.0489 -120.7475 0.1064
"1077" 5 5.5929 -47.614 0.1064
"1078" 5 5.4368 -32.169 0.1064
"1079" 5 4.9903 -413.1188 0.1064
"1080" 5 4.8414 -551.2026 0.1064
"1081" 5 5.5565 1010.8841 0.1064
"1082" 5 3.0331 -725.5145 0.1064
"1083" 5 1.2328 -0.439 0.1064
"1084" 5 1.8714 72.0984 0.1064
"1085" 5 0.8527 -428.6722 0.1064
"1086" 5 0.7865 -487.3903 0.1064
"1087" 5 0.7982 -352.9375 0.1064
"1088" 5 2.341 -799.1357 0.1064
"1089" 5 2.6267 -199.8422 0.1064
"1090" 5 4.5763 1052.2605 0.1064
"1091" 5 3.5166 914.9895 0.1064
"1092" 5 3.4598 720.9785 0.1064
"1093" 5 3.2471 -545.8375 0.1064
"1094" 5 3.2683 1061.121 0.1064
"1095" 5 2.2179 -594.259 0.1064
"1096" 5 1.2809 291.3634 0.1064
"1097" 5 2.0466 -640.6753 0.1064
"1098" 5 2.2508 -53.6565 0.1064
"1099" 5 2.1461 761.5149 0.1064
"1100" 5 1.5547 702.0923 0.1064
"1101" 5 1.2521 -11.6298 0.1064
"1102" 5 2.3761 -703.8373 0.1064
"1103" 5 4.9623 258.2785 0.1064
"1104" 5 4.661 124.9908 0.1064
"1105" 5 3.8728 701.1981 0.1064
"1106" 5 4.1063 85.1047 0.1064
"1107" 5 4.6981 289.7647 0.1064
"1108" 5 4.9996 -914.7836 0.1064
"1109" 5 5.1839 37.9297 0.1064
"1110" 5 5.1158 65.8391 0.1064
"1111" 5 5.3093 124.7198 0.1064
"1112" 5 5.5185 -884.0562 0.1064
